          172
          77         398
          80         411
          91         401
         103         389
         110         383
         116         402
         128         415
         142         427
         162         428
         181         437
         199         428
         210         443
         225         450
         240         458
         253         465
         264         475
         282         477
         289         493
         309         495
         328         495
         336         509
         355         512
         375         522
         390         530
         407         538
         395         550
         391         564
         407         560
         420         563
         434         551
         436         537
         437         525
         455         516
         469         526
         489         526
         493         544
         492         558
         507         553
         519         552
         531         543
         534         525
         543         508
         560         508
         578         503
         596         497
         609         492
         624         486
         635         474
         642         474
         657         475
         671         483
         686         474
         689         460
         678         447
         665         434
         668         423
         684         418
         695         405
         709         388
         714         370
         730         358
         747         369
         760         382
         775         386
         779         399
         767         413
         758         430
         775         431
         794         423
         808         413
         825         407
         837         397
         853         399
         871         403
         882         405
         884         386
         867         378
         870         364
         886         354
         897         339
         914         340
         926         350
         933         349
         946         340
         961         333
         971         331
         989         324
        1004         326
        1006         309
        1012         289
        1026         280
        1040         272
        1045         252
        1042         239
        1023         236
        1004         233
         995         214
         986         201
         968         189
         952         178
         947         159
         946         141
         934         125
         917         118
         909         102
         893          93
         876          84
         859          77
         841          75
         821          86
         802          77
         790          60
         780          40
         775          36
         765          50
         746          54
         734          65
         716          71
         702          61
         687          54
         668          54
         648          57
         630          71
         616          82
         598          79
         579          88
         562          98
         543         107
         526         101
         514         107
         496         113
         487          99
         486          80
         486          61
         470          61
         460          50
         449          34
         444          18
         428          24
         413          32
         403          20
         390          14
         370          20
         352          23
         352          38
         336          50
         318          61
         309          78
         295          89
         284         105
         269         101
         257         118
         244         137
         225         146
         215         163
         204         177
         189         191
         172         191
         160         207
         149         223
         142         238
         134         255
         126         271
         120         287
         131         304
         137         322
         129         335
         115         343
          99         353
          90         368
          88         387
          77         398